Running 10s test @ http://localhost:8082
  24 threads and 1000 connections
  Thread Stats   Avg      Stdev     Max   +/- Stdev
    Latency     0.90ms    2.05ms  79.62ms   99.51%
    Req/Sec       -nan      -nan   0.00      0.00%
  Latency Distribution (HdrHistogram - Recorded Latency)
 50.000%  780.00us
 75.000%    1.08ms
 90.000%    1.29ms
 99.000%    1.70ms
 99.900%   38.85ms
 99.990%   56.74ms
 99.999%   69.82ms
100.000%   79.68ms

  Detailed Percentile spectrum:
       Value   Percentile   TotalCount 1/(1-Percentile)

       0.017     0.000000            3         1.00
       0.274     0.100000        98555         1.11
       0.415     0.200000       197076         1.25
       0.539     0.300000       295279         1.43
       0.660     0.400000       393141         1.67
       0.780     0.500000       491968         2.00
       0.840     0.550000       541007         2.22
       0.900     0.600000       589791         2.50
       0.960     0.650000       639262         2.86
       1.019     0.700000       687761         3.33
       1.080     0.750000       737419         4.00
       1.110     0.775000       761744         4.44
       1.140     0.800000       786361         5.00
       1.171     0.825000       810915         5.71
       1.204     0.850000       835288         6.67
       1.242     0.875000       860086         8.00
       1.263     0.887500       872131         8.89
       1.286     0.900000       884184        10.00
       1.312     0.912500       896483        11.43
       1.342     0.925000       908882        13.33
       1.376     0.937500       921016        16.00
       1.395     0.943750       927191        17.78
       1.415     0.950000       933255        20.00
       1.438     0.956250       939594        22.86
       1.463     0.962500       945666        26.67
       1.492     0.968750       951750        32.00
       1.509     0.971875       954776        35.56
       1.528     0.975000       957838        40.00
       1.550     0.978125       960962        45.71
       1.575     0.981250       964038        53.33
       1.605     0.984375       967079        64.00
       1.624     0.985938       968558        71.11
       1.646     0.987500       970088        80.00
       1.675     0.989062       971636        91.43
       1.710     0.990625       973164       106.67
       1.758     0.992188       974696       128.00
       1.794     0.992969       975464       142.22
       1.848     0.993750       976230       160.00
       1.949     0.994531       976994       182.86
       4.871     0.995313       977762       213.33
      11.527     0.996094       978529       256.00
      14.847     0.996484       978913       284.44
      17.967     0.996875       979297       320.00
      21.247     0.997266       979680       365.71
      24.719     0.997656       980064       426.67
      28.415     0.998047       980450       512.00
      29.839     0.998242       980642       568.89
      31.935     0.998437       980832       640.00
      34.079     0.998633       981025       731.43
      36.831     0.998828       981215       853.33
      39.007     0.999023       981408      1024.00
      39.775     0.999121       981504      1137.78
      41.087     0.999219       981600      1280.00
      43.007     0.999316       981695      1462.86
      44.575     0.999414       981792      1706.67
      47.231     0.999512       981887      2048.00
      48.223     0.999561       981935      2275.56
      49.087     0.999609       981986      2560.00
      49.535     0.999658       982033      2925.71
      50.783     0.999707       982079      3413.33
      52.799     0.999756       982127      4096.00
      53.311     0.999780       982151      4551.11
      53.983     0.999805       982176      5120.00
      54.463     0.999829       982200      5851.43
      55.135     0.999854       982223      6826.67
      55.871     0.999878       982247      8192.00
      56.351     0.999890       982260      9102.22
      56.959     0.999902       982271     10240.00
      57.727     0.999915       982283     11702.86
      58.527     0.999927       982295     13653.33
      58.783     0.999939       982307     16384.00
      58.911     0.999945       982313     18204.44
      59.583     0.999951       982319     20480.00
      61.183     0.999957       982325     23405.71
      63.327     0.999963       982331     27306.67
      63.839     0.999969       982337     32768.00
      64.063     0.999973       982340     36408.89
      64.191     0.999976       982343     40960.00
      64.607     0.999979       982346     46811.43
      67.007     0.999982       982349     54613.33
      68.607     0.999985       982352     65536.00
      68.799     0.999986       982353     72817.78
      69.375     0.999988       982355     81920.00
      69.823     0.999989       982356     93622.86
      70.975     0.999991       982358    109226.67
      71.039     0.999992       982359    131072.00
      71.295     0.999993       982360    145635.56
      74.303     0.999994       982361    163840.00
      74.303     0.999995       982361    187245.71
      75.135     0.999995       982362    218453.33
      75.391     0.999996       982363    262144.00
      75.391     0.999997       982363    291271.11
      79.103     0.999997       982364    327680.00
      79.103     0.999997       982364    374491.43
      79.103     0.999998       982364    436906.67
      79.487     0.999998       982365    524288.00
      79.487     0.999998       982365    582542.22
      79.487     0.999998       982365    655360.00
      79.487     0.999999       982365    748982.86
      79.487     0.999999       982365    873813.33
      79.679     0.999999       982366   1048576.00
      79.679     1.000000       982366          inf
#[Mean    =        0.903, StdDeviation   =        2.047]
#[Max     =       79.616, Total count    =       982366]
#[Buckets =           27, SubBuckets     =         2048]
----------------------------------------------------------
  982494 requests in 10.00s, 1.97GB read
Requests/sec:  98222.93
Transfer/sec:    202.05MB
