Running 10s test @ http://localhost:8082
  24 threads and 1000 connections
  Thread Stats   Avg      Stdev     Max   +/- Stdev
    Latency     3.45s     2.04s    7.70s    58.46%
    Req/Sec       -nan      -nan   0.00      0.00%
  Latency Distribution (HdrHistogram - Recorded Latency)
 50.000%    3.44s 
 75.000%    5.18s 
 90.000%    6.27s 
 99.000%    7.13s 
 99.900%    7.50s 
 99.990%    7.63s 
 99.999%    7.69s 
100.000%    7.70s 

  Detailed Percentile spectrum:
       Value   Percentile   TotalCount 1/(1-Percentile)

       0.050     0.000000            1         1.00
     603.647     0.100000        28524         1.11
    1350.655     0.200000        57059         1.25
    2064.383     0.300000        85559         1.43
    2768.895     0.400000       114083         1.67
    3444.735     0.500000       142608         2.00
    3778.559     0.550000       156888         2.22
    4120.575     0.600000       171148         2.50
    4468.735     0.650000       185411         2.86
    4820.991     0.700000       199603         3.33
    5181.439     0.750000       213928         4.00
    5361.663     0.775000       221070         4.44
    5545.983     0.800000       228276         5.00
    5726.207     0.825000       235350         5.71
    5906.431     0.850000       242402         6.67
    6090.751     0.875000       249641         8.00
    6176.767     0.887500       253066         8.89
    6266.879     0.900000       256634        10.00
    6361.087     0.912500       260315        11.43
    6455.295     0.925000       263795        13.33
    6553.599     0.937500       267351        16.00
    6606.847     0.943750       269202        17.78
    6655.999     0.950000       270924        20.00
    6709.247     0.956250       272740        22.86
    6766.591     0.962500       274569        26.67
    6823.935     0.968750       276271        32.00
    6856.703     0.971875       277126        35.56
    6893.567     0.975000       278068        40.00
    6930.431     0.978125       278984        45.71
    6967.295     0.981250       279801        53.33
    7016.447     0.984375       280706        64.00
    7045.119     0.985938       281155        71.11
    7077.887     0.987500       281624        80.00
    7106.559     0.989062       282021        91.43
    7147.519     0.990625       282507       106.67
    7184.383     0.992188       282918       128.00
    7208.959     0.992969       283164       142.22
    7233.535     0.993750       283385       160.00
    7258.111     0.994531       283595       182.86
    7286.783     0.995313       283816       213.33
    7319.551     0.996094       284033       256.00
    7340.031     0.996484       284162       284.44
    7356.415     0.996875       284258       320.00
    7376.895     0.997266       284367       365.71
    7401.471     0.997656       284491       426.67
    7421.951     0.998047       284585       512.00
    7434.239     0.998242       284639       568.89
    7450.623     0.998437       284701       640.00
    7467.007     0.998633       284763       731.43
    7483.391     0.998828       284810       853.33
    7499.775     0.999023       284867      1024.00
    7512.063     0.999121       284902      1137.78
    7520.255     0.999219       284926      1280.00
    7528.447     0.999316       284946      1462.86
    7540.735     0.999414       284974      1706.67
    7557.119     0.999512       285009      2048.00
    7561.215     0.999561       285017      2275.56
    7569.407     0.999609       285032      2560.00
    7573.503     0.999658       285042      2925.71
    7585.791     0.999707       285057      3413.33
    7598.079     0.999756       285073      4096.00
    7602.175     0.999780       285082      4551.11
    7606.271     0.999805       285084      5120.00
    7610.367     0.999829       285091      5851.43
    7622.655     0.999854       285101      6826.67
    7630.847     0.999878       285107      8192.00
    7634.943     0.999890       285111      9102.22
    7639.039     0.999902       285115     10240.00
    7639.039     0.999915       285115     11702.86
    7651.327     0.999927       285120     13653.33
    7655.423     0.999939       285124     16384.00
    7655.423     0.999945       285124     18204.44
    7659.519     0.999951       285127     20480.00
    7659.519     0.999957       285127     23405.71
    7667.711     0.999963       285130     27306.67
    7671.807     0.999969       285131     32768.00
    7675.903     0.999973       285132     36408.89
    7679.999     0.999976       285133     40960.00
    7679.999     0.999979       285133     46811.43
    7684.095     0.999982       285135     54613.33
    7684.095     0.999985       285135     65536.00
    7688.191     0.999986       285136     72817.78
    7688.191     0.999988       285136     81920.00
    7688.191     0.999989       285136     93622.86
    7692.287     0.999991       285137    109226.67
    7692.287     0.999992       285137    131072.00
    7696.383     0.999993       285138    145635.56
    7696.383     0.999994       285138    163840.00
    7696.383     0.999995       285138    187245.71
    7696.383     0.999995       285138    218453.33
    7696.383     0.999996       285138    262144.00
    7700.479     0.999997       285139    291271.11
    7700.479     1.000000       285139          inf
#[Mean    =     3452.310, StdDeviation   =     2038.277]
#[Max     =     7696.384, Total count    =       285139]
#[Buckets =           27, SubBuckets     =         2048]
----------------------------------------------------------
  285165 requests in 10.00s, 586.61MB read
Requests/sec:  28525.63
Transfer/sec:     58.68MB
